#V3.30 
#C data file created using the SS_writedat function in the R package r4ss 
#C should work with SS version: 
#C file write time: 2020-01-23 16:14:32 
# 
1950 #_styr 
2017 #_endyr 
1 #_nseas 
12 #_months_per_seas 
2 #_Nsubseasons 
1 #_spawn_month 
1 #_Nsexes 
14 #_Nages 
1 #_Nareas 
9 #_Nfleets 
#_fleetinfo

#_type    surveytiming    area    units   need_catch_mult   fleetname
1         -1               1        1         0               CM_E  #_1
1         -1               1        1         0               CM_W  #_2
1         -1               1        2         0               REC #_3
2         -1               1        2         0               SMP_BYC #_4
3          1               1        1         0               HB_E  #_5
3          1               1        1         0               HB_W #_6
3          1               1        1         0               LARVAL #_7
3          1               1        1         0               VIDEO #_8
3          1               1        1         0               SEAMAP #_9
#Bycatch_fleet_input 
#_fleetindex    includeinMSY    Fmult   F_or_first_year   F_or_last_year  unused
4               1               3       2011              2014            999   #_4
#_Catch data
#_year season fleet catch catch_se
1950    1       1   1.000    0.05   #_1
1951    1       1   1.990    0.05   #_2
1952    1       1   2.990    0.05   #_3
1953    1       1   3.980    0.05   #_4
1954    1       1   4.980    0.05   #_5
1955    1       1   5.980    0.05   #_6
1956    1       1   6.970    0.05   #_7
1957    1       1   7.970    0.05   #_8
1958    1       1   8.970    0.05   #_9
1959    1       1   9.960    0.05   #_10
1960    1       1   10.960   0.05   #_11
1961    1       1   11.950   0.05   #_12
1962    1       1   12.950   0.05   #_13
1963    1       1   13.935   0.05   #_14
1964    1       1   15.243   0.05   #_15
1965    1       1   15.143   0.05   #_16
1966    1       1   7.898    0.05   #_17
1967    1       1   15.998   0.05   #_18
1968    1       1   31.794   0.05   #_19
1969    1       1   40.498   0.05   #_20
1970    1       1   37.781   0.05   #_21
1971    1       1   41.252   0.05   #_22
1972    1       1   36.423   0.05   #_23
1973    1       1   61.426   0.05   #_24
1974    1       1   58.307   0.05   #_25
1975    1       1   126.876  0.05   #_26
1976    1       1   111.482  0.05   # _27
1977    1       1   151.093  0.05   #_28
1978    1       1   129.872  0.05   #_29      
1979    1       1   99.001   0.05
1980    1       1   72.360   0.05
1981    1       1   104.931  0.05 
1982    1       1   108.487  0.05
1983    1       1   171.188  0.05
1984    1       1   241.128  0.05
1985    1       1   304.633  0.05
1986    1       1   312.554  0.05
1987    1       1   242.256  0.05
1988    1       1   222.730  0.05
1989    1       1   217.000  0.05
1990    1       1   516.745  0.05 
1991    1       1   420.571  0.05
1992    1       1   538.129  0.05
1993    1       1   742.425  0.05
1994    1       1   711.928  0.05
1995    1       1   678.322  0.05
1996    1       1   523.542  0.05
1997    1       1   469.073  0.05
1998    1       1   365.002  0.05
1999    1       1   416.384  0.05
2000    1       1   315.332  0.05
2001    1       1   362.239  0.05
2002    1       1   451.753  0.05
2003    1       1   522.876  0.05 
2004    1       1   420.593  0.05
2005    1       1   443.952  0.05
2006    1       1   505.012  0.05
2007    1       1   527.224  0.05
2008    1       1   809.367  0.05
2009    1       1   1273.013 0.05
2010    1       1   598.161  0.05
2011    1       1   1101.231 0.05
2012    1       1   720.121  0.05 
2013    1       1   416.259  0.05
2014    1       1   502.119  0.05
2015    1       1   300.366  0.05
2016    1       1   361.166  0.05
2017    1       1   422.485  0.05

1950    1       2   0.730    0.05
1951    1       2   1.460    0.05
1952    1       2   2.190    0.05
1953    1       2   2.920    0.05
1954    1       2   3.650    0.05
1955    1       2   4.380    0.05
1956    1       2   5.110    0.05
1957    1       2   5.840    0.05
1958    1       2   6.570    0.05
1959    1       2   7.300    0.05
1960    1       2   8.030    0.05
1961    1       2   8.760    0.05
1962    1       2   9.490    0.05
1963    1       2   10.212   0.05
1964    1       2   10.665   0.05
1965    1       2   9.408    0.05
1966    1       2   3.018    0.05
1967    1       2   7.144    0.05
1968    1       2   22.789   0.05
1969    1       2   12.275   0.05
1970    1       2   20.123   0.05
1971    1       2   21.783   0.05
1972    1       2   21.079   0.05    
1973    1       2   24.902   0.05
1974    1       2   30.285   0.05
1975    1       2   49.553   0.05
1976    1       2   27.418   0.05
1977	1	2	88.436	0.05
1978	1	2	73.994	0.05
1979	1	2	99.911	0.05
1980	1	2	67.283	0.05
1981	1	2	52.421	0.05
1982	1	2	66.393	0.05
1983	1	2	73.31	0.05
1984	1	2	384.463	0.05
1985	1	2	334.297	0.05
1986	1	2	425.595	0.05
1987	1	2	454.779	0.05
1988	1	2	449.467	0.05
1989	1	2	454.499	0.05
1990	1	2	436.021	0.05
1991	1	2	366.098	0.05
1992	1	2	476.145	0.05
1993	1	2	462.864	0.05
1994	1	2	471.416	0.05
1995	1	2	296.518	0.05
1996	1	2	295.444	0.05
1997	1	2	486.12	0.05
1998	1	2	405.702	0.05
1999	1	2	497.473	0.05
2000	1	2	343.647	0.05
2001	1	2	409.773	0.05
2002	1	2	453.104	0.05
2003	1	2	570.543	0.05
2004	1	2	551.824	0.05
2005	1	2	401.583	0.05
2006	1	2	288.316	0.05
2007	1	2	547.909	0.05
2008	1	2	466.472	0.05
2009	1	2	443.974	0.05
2010	1	2	356.55	0.05
2011	1	2	329.252	0.05
2012	1	2	384.454	0.05
2013	1	2	225.62	0.05
2014	1	2	298.637	0.05
2015	1	2	317.712	0.05
2016	1	2	353.972	0.05
2017	1	2	312.975	0.05
1950	1	3	6.03	0.15
1951	1	3	16.203	0.15
1952	1	3	26.376	0.15
1953	1	3	36.549	0.15
1954	1	3	46.722	0.15
1955	1	3	56.894	0.15
1956	1	3	67.067	0.15
1957	1	3	77.24	0.15
1958	1	3	87.413	0.15
1959	1	3	97.586	0.15
1960	1	3	107.759	0.15
1961	1	3	117.932	0.15
1962	1	3	128.105	0.15
1963	1	3	138.278	0.15
1964	1	3	148.451	0.15
1965	1	3	158.623	0.15
1966	1	3	168.796	0.15
1967	1	3	178.969	0.15
1968	1	3	189.142	0.15
1969	1	3	199.315	0.15
1970	1	3	209.488	0.15
1971	1	3	219.661	0.15
1972	1	3	229.834	0.15
1973	1	3	240.007	0.15
1974	1	3	250.179	0.15
1975	1	3	260.352	0.15
1976	1	3	270.525	0.15
1977	1	3	280.698	0.15
1978	1	3	290.871	0.15
1979	1	3	301.044	0.15
1980	1	3	311.217	0.15
1981	1	3	321.39	0.15
1982	1	3	705.743	0.15
1983	1	3	271.946	0.15
1984	1	3	418.872	0.15
1985	1	3	799.702	0.15
1986	1	3	1111.405	0.15
1987	1	3	1366.06	0.15
1988	1	3	2019.03	0.15
1989	1	3	1106.635	0.15
1990	1	3	1266.867	0.15
1991	1	3	1600.508	0.15
1992	1	3	1967.015	0.15
1993	1	3	1480.459	0.15
1994	1	3	1201.986	0.15
1995	1	3	1476.298	0.15
1996	1	3	586.052	0.15
1997	1	3	689.456	0.15
1998	1	3	362.772	0.15
1999	1	3	707.579	0.15
2000	1	3	412.816	0.15
2001	1	3	1227.992	0.15
2002	1	3	1119.193	0.15
2003	1	3	1065.597	0.15
2004	1	3	1101.097	0.15
2005	1	3	791.396	0.15
2006	1	3	764.251	0.15
2007	1	3	762.783	0.15
2008	1	3	681.826	0.15
2009	1	3	1105.568	0.15
2010	1	3	758.396	0.15
2011	1	3	1635.345	0.15
2012	1	3	1018.593	0.15
2013	1	3	1636.363	0.15
2014	1	3	1588.106	0.15
2015	1	3	1491.552	0.15
2016	1	3	1639.273	0.15
2017	1	3	2336.507	0.15
1950	1	4	0.001	0.1
1951	1	4	0.001	0.1
1952	1	4	0.001	0.1
1953	1	4	0.001	0.1
1954	1	4	0.001	0.1
1955	1	4	0.001	0.1
1956	1	4	0.001	0.1
1957	1	4	0.001	0.1
1958	1	4	0.001	0.1
1959	1	4	0.001	0.1
1960	1	4	0.001	0.1
1961	1	4	0.001	0.1
1962	1	4	0.001	0.1
1963	1	4	0.001	0.1
1964	1	4	0.001	0.1
1965	1	4	0.001	0.1
1966	1	4	0.001	0.1
1967	1	4	0.001	0.1
1968	1	4	0.001	0.1
1969	1	4	0.001	0.1
1970	1	4	0.001	0.1
1971	1	4	0.001	0.1
1972	1	4	0.001	0.1
1973	1	4	0.001	0.1
1974	1	4	0.001	0.1
1975	1	4	0.001	0.1
1976	1	4	0.001	0.1
1977	1	4	0.001	0.1
1978	1	4	0.001	0.1
1979	1	4	0.001	0.1
1980	1	4	0.001	0.1
1981	1	4	0.001	0.1
1982	1	4	0.001	0.1
1983	1	4	0.001	0.1
1984	1	4	0.001	0.1
1985	1	4	0.001	0.1
1986	1	4	0.001	0.1
1987	1	4	0.001	0.1
1988	1	4	0.001	0.1
1989	1	4	0.001	0.1
1990	1	4	0.001	0.1
1991	1	4	0.001	0.1
1992	1	4	0.001	0.1
1993	1	4	0.001	0.1
1994	1	4	0.001	0.1
1995	1	4	0.001	0.1
1996	1	4	0.001	0.1
1997	1	4	0.001	0.1
1998	1	4	0.001	0.1
1999	1	4	0.001	0.1
2000	1	4	0.001	0.1
2001	1	4	0.001	0.1
2002	1	4	0.001	0.1
2003	1	4	0.001	0.1
2004	1	4	0.001	0.1
2005	1	4	0.001	0.1
2006	1	4	0.001	0.1
2007	1	4	0.001	0.1
2008	1	4	0.001	0.1
2009	1	4	0.001	0.1
2010	1	4	0.001	0.1
2011	1	4	0.001	0.1
2012	1	4	0.001	0.1
2013	1	4	0.001	0.1
2014	1	4	0.001	0.1
2015	1	4	0.001	0.1
2016	1	4	0.001	0.1
2017	1	4	0.001	0.1
-9999  0 0  0.000 0.00 #_terminator

#_CPUE_and_surveyabundance_observations 
#_Units: 0=numbers; 1=biomass; 2=F; >=30 for special types 
#_Errtype: -1=normal; 0=lognormal; >0=T 
#_SD_Report: 0=no sdreport; 1=enable sdreport 
#_Fleet
#_Fleet Units Errtype SD_Report
1     1     0     0     #_CM_E
2     1     0     0     #_CM_W
3     0     0     0     #_REC
4     2     0     0     #_SMP_BYC
5     0     0     0     #_HB_E
6     0     0     0     #_HB_W
7     30    0     0     #_LARVAL
8     0     0     0     #_VIDEO
9     0     0     0     #_SEAMAP
#
#_CPUE_data
#_year  seas  index   obs   se_log
1993    7       1     1.036400 0.224000 #_1
1994    7       1     1.232100 0.192100 #_2
1995    7       1     0.897000 0.214800 #_3
1996	7	1	0.9506	0.1909	
1997	7	1	0.8879	0.2007	
1998	7	1	0.8777	0.2021	
1999	7	1	0.9461	0.1857	
2000	7	1	0.7915	0.217	
2001	7	1	0.8663	0.2045	
2002	7	1	0.9435	0.1891	
2003	7	1	0.9948	0.1817	
2004	7	1	0.9825	0.1945	
2005	7	1	1.2854	0.1913	
2006	7	1	1.3082	0.2117	
1993	7	2	1.0614	0.2946	
1994	7	2	1.4628	0.2421	
1995	7	2	0.9335	0.2502	
1996	7	2	1.0168	0.2158	
1997	7	2	1.2941	0.1657	
1998	7	2	1.0179	0.1853	
1999	7	2	1.0543	0.1597	
2000	7	2	0.7217	0.1912	
2001	7	2	0.7649	0.2006	
2002	7	2	1.0021	0.1743	
2003	7	2	1.262	0.1571	
2004	7	2	1.2453	0.1548	
2005	7	2	0.77	0.1823	
2006	7	2	0.3931	0.2263	
1986	7	5	0.9003	0.2867	
1987	7	5	1.0087	0.2748	
1988	7	5	2.1634	0.1925	
1989	7	5	1.3429	0.1934	
1990	7	5	1.6891	0.1798	
1991	7	5	1.8029	0.1783	
1992	7	5	2.4993	0.1707	
1993	7	5	1.5989	0.1765	
1994	7	5	1.7662	0.1742	
1995	7	5	1.4894	0.1863	
1996	7	5	0.8224	0.1988	
1997	7	5	0.7356	0.1964	
1998	7	5	0.1903	0.2188	
1999	7	5	0.4211	0.2329	
2000	7	5	0.354	0.222	
2001	7	5	0.4418	0.2137	
2002	7	5	0.4825	0.2118	
2003	7	5	0.5873	0.209	
2004	7	5	0.6285	0.204	
2005	7	5	0.8121	0.2055	
2006	7	5	0.5606	0.221	
2007	7	5	0.3719	0.2315	
2008	7	5	0.6674	0.2009	
2009	7	5	0.7899	0.197	
2010	7	5	0.8602	0.215	
2011	7	5	1.0583	0.1938	
2012	7	5	0.6563	0.1944	
2013	7	5	0.8922	0.1787	
2014	7	5	0.9477	0.1678	
2015	7	5	0.8983	0.1667	
2016	7	5	0.9572	0.1586	
2017	7	5	1.6034	0.1488	
1986	7	6	1.7517	0.2083	
1987	7	6	1.223	0.1987	
1988	7	6	0.9281	0.2146	
1989	7	6	1.2908	0.2046	
1990	7	6	1.7667	0.1904	
1991	7	6	0.9834	0.1948	
1992	7	6	0.9446	0.1829	
1993	7	6	1.1496	0.171	
1994	7	6	1.1375	0.1669	
1995	7	6	1.214200	0.1657	#_70
1996	7	6	0.8857	0.1722	#_71
1997	7	6	0.8366	0.1842	#_72
1998	7	6	0.7963	0.1768	#_73
1999	7	6	0.687	0.2036	#_74
2000	7	6	0.5193	0.1975	#_75
2001	7	6	0.8356	0.1901	#_76
2002	7	6	0.9742	0.1787	#_77
2003	7	6	0.6355	0.177	#_78
2004	7	6	1.091	0.1741	#_79
2005	7	6	1.2184	0.1719	#_80
2006	7	6	0.6516	0.1868	#_81
2007	7	6	1.4379	0.1805	#_82
2008	7	6	0.261	0.285	#_83
2009	7	6	0.3444	0.2194	#_84
2010	7	6	1.1398	0.2089	#_85
2011	7	6	1.1647	0.2093	#_86
2012	7	6	0.9129	0.2191	#_87
2013	7	6	1.1026	0.2211	#_88
2014	7	6	0.8964	0.2486	#_89
2015	7	6	1.0534	0.2178	#_90
2016	7	6	1.1514	0.2273	#_91
2017	7	6	1.0145	0.2523	#_92
1986	7	3	2.8003	0.1343	#_93
1987	7	3	1.1788	0.2402	#_94
1988	7	3	1.9112	0.2702	#_95
1989	7	3	0.8855	0.3298	#_96
1990	7	3	2.2286	0.2462	#_97
1991	7	3	1.4696	0.1803	#_98
1992	7	3	1.382	0.1364	#_99
1993	7	3	1.5362	0.1698	#_100
1994	7	3	1.4339	0.2315	#_101
1995	7	3	1.9825	0.2322	#_102
1996	7	3	1.007	0.3018	#_103
1997	7	3	0.2738	0.22	#_104
1998	7	3	0.3607	0.1982	#_105
1999	7	3	0.3871	0.1405	#_106
2000	7	3	0.3466	0.2133	#_107
2001	7	3	0.4875	0.2051	#_108
2002	7	3	0.3628	0.2023	#_109
2003	7	3	0.422	0.1792	#_110
2004	7	3	0.5428	0.144	#_111
2005	7	3	0.5814	0.1656	#_112
2006	7	3	0.5366	0.1823	#_113
2007	7	3	0.4248	0.2114	#_114
2008	7	3	0.6617	0.2243	#_115
2009	7	3	1.0235	0.225	#_116
2010	7	3	0.5612	0.2406	#_117
2011	7	3	1.3108	0.1556	#_118
2012	7	3	0.8812	0.185	#_119
2013	7	3	1.0219	0.213	#_120
2014	7	3	1.1857	0.1501	#_121
2015	7	3	0.9581	0.156	#_122
2016	7	3	0.6786	0.1563	#_123
2017	7	3	1.1759	0.1595	#_124
1950	7	4	0.1989	0.2	#_125
1951	7	4	0.2712	0.2	#_126
1952	7	4	0.3203	0.2	#_127
1953	7	4	0.3368	0.2	#_128
1954	7	4	0.4366	0.2	#_129
1955	7	4	0.4551	0.2	#_130
1956	7	4	0.5818	0.2	#_131
1957	7	4	0.6661	0.2	#_132
1958	7	4	0.8157	0.2	#_133
1959	7	4	0.8793	0.2	#_134
1960	7	4	0.879	0.2	#_135
1961	7	4	0.665800	0.2	#_136
1962	7	4	0.6411	0.2	#_137
1963	7	4	0.7308	0.2	#_138
1964	7	4	0.7719	0.2	#_139
1965	7	4	0.8567	0.2	#_140
1966	7	4	0.8431	0.2	#_141
1967	7	4	0.9184	0.2	#_142
1968	7	4	0.9332	0.2	#_143
1969	7	4	1.0604	0.2	#_144
1970	7	4	0.9991	0.2	#_145
1971	7	4	0.9527	0.2	#_146
1972	7	4	0.9488	0.2	#_147
1973	7	4	0.955	0.2	#_148
1974	7	4	0.9505	0.2	#_149
1975	7	4	0.9562	0.2	#_150
1976	7	4	0.9919	0.2	#_151
1977	7	4	1.0865	0.2	#_152
1978	7	4	1.1485	0.2	#_153
1979	7	4	1.2041	0.2	#_154
1980	7	4	1.2359	0.2	#_155
1981	7	4	1.1323	0.2	#_156
1982	7	4	1.0946	0.2	#_157
1983	7	4	1.132	0.2	#_158
1984	7	4	1.3325	0.2	#_159
1985	7	4	1.2756	0.2	#_160
1986	7	4	1.428	0.2	#_161
1987	7	4	1.2585	0.2	#_162
1988	7	4	1.1531	0.2	#_163
1989	7	4	1.2553	0.2	#_164
1990	7	4	1.143	0.2	#_165
1991	7	4	1.2043	0.2	#_166
1992	7	4	1.4239	0.2	#_167
1993	7	4	1.2065	0.2	#_168
1994	7	4	1.2105	0.2	#_169
1995	7	4	1.3497	0.2	#_170
1996	7	4	1.5532	0.2	#_171
1997	7	4	1.6139	0.2	#_172
1998	7	4	1.9655	0.2	#_173
1999	7	4	1.2638	0.2	#_174
2000	7	4	1.1051	0.2	#_175
2001	7	4	1.2471	0.2	#_176
2002	7	4	1.4721	0.2	#_177
2003	7	4	1.2373	0.2	#_178
2004	7	4	1.2403	0.2	#_179
2005	7	4	0.9899	0.2	#_180
2006	7	4	0.6319	0.2	#_181
2007	7	4	0.4591	0.2	#_182
2008	7	4	0.3236	0.2	#_183
2009	7	4	0.4905	0.2	#_184
2010	7	4	0.3512	0.2	#_185
2011	7	4	0.4088	0.2	#_186
2012	7	4	0.3685	0.2	#_187
2013	7	4	0.42	0.2	#_188
2014	7	4	0.3439	0.2	#_189
2015	7	4	0.292	0.2	#_190
2016	7	4	0.303	0.2	#_191
2017	7	4	0.3191	0.2	#_192
2009	7	9	0.803201	0.243001	#_193
2010	7	9	0.73555	0.265449	#_194
2011	7	9	1.646068	0.261243	#_195
2012	7	9	1.207458	0.207352	#_196
2013	7	9	0.875348	0.253906	#_197
2014	7	9	0.732375	0.260064	#_198
2015	7	9	0.736247	0.226881	#_199
2016	7	9	0.827883	0.228247	#_200
2017	7	9	0.693874	0.250359	#_201
1993	7	8	0.66044	0.295683	#_202
1994	7	8	1.106099	0.216693	#_203
1995	7	8	0.522724	0.507363	#_204
1996	7	8	0.294763	0.291294	#_205
1997	7	8	0.673943	0.196541	#_206
2002	7	8	1.485733	0.223033	#_207
2004	7	8	0.359828	0.213692	#_208
2005	7	8	0.558559	0.160119	#_209
2006	7	8	1.14229	0.32592	#_210
2007	7	8	0.113646	0.156685	#_211
2008	7	8	0.89507	0.209761	#_212
2009	7	8	0.952484	0.173403	#_213
2010	7	8	1.180982	0.157207	#_214
2011	7	8	1.265535	0.111457	#_215
2012	7	8	0.899353	0.133449	#_216
2013	7	8	0.96895	0.141149	#_217
2014	7	8	1.149743	0.11175	#_218
2015	7	8	1.500058	0.132806	#_219
2016	7	8	2.459650	0.117429	#_220
2017	7	8	1.810152	0.124566	#_221
1986	7	7	0.45421	0.229322	#_222
1987	7	7	1.48596	0.18555	#_223
1990	7	7	0.64378	0.25466	#_224
1991	7	7	1.42365	0.220455	#_225
1993	7	7	0.57936	0.215298	#_226
1994	7	7	0.96553	0.188572	#_227
1995	7	7	0.7263	0.203662	#_228
1996	7	7	0.66782	0.20671	#_229
1997	7	7	1.11842	0.185845	#_230
1999	7	7	0.58313	0.204291	#_231
2000	7	7	0.85527	0.207054	#_232
2001	7	7	0.85016	0.196769	#_233
2003	7	7	1.36716	0.182395	#_234
2006	7	7	1.3578	0.192207	#_235
2007	7	7	1.61157	0.177098	#_236
2009	7	7	1.27462	0.186419	#_237
2010	7	7	1.05739	0.192591	#_238
2011	7	7	1.042	0.194557	#_239
2012	7	7	1.07611	0.190458	#_240
2013	7	7	0.96777	0.196107	#_241
2014	7	7	1.06004	0.194256	#_242
2016	7	7	0.83197	0.195724	#_243
-9999	0	0	0.0000	0.0000	#_terminator
4 #_N_discard_fleets 
#_discard_units (1=same_as_catchunits(bio/num); 2=fraction; 3=numbers) 
#_discard_errtype: >0 for DF of T-dist(read CV below); 0 for normal with CV; -1 for normal with se; -2 for lognormal 
#
#_discard_fleet_info 
#_Fleet units errtype
1       1     -2    #_CM_E
2       1     -2    #_CM_W
3       1     -2    #_REC
4       1     -2    #_SMP_BYC
#
#_discard_data
#_Yr   Seas   Flt   Discard   Std_in 
1993    7     1     5.86621e-01   0.3 
1994    7     1     7.96557e-01   0.3   
1995    7     1     7.90099e-01   0.3   
1996    7     1     6.61112e-01   0.3   
1997    7     1     5.80075e-01   0.3   
1998    7     1     5.17331e-01   0.3   
1999    7     1     5.78534e-01   0.3   
2000    7     1     4.46964e-01   0.3   
2001    7     1     4.65931e-01   0.3   
2002    7     1     5.76385e-01   0.3   
2003	7	1	6.74005E-01	0.3	
2004	7	1	4.92857E-01	0.3	
2005	7	1	6.35689E+01	0.3	
2006	7	1	7.41390E+01	0.3	
2007	7	1	8.76670E+01	0.3	
2008	7	1	2.81288E+01	0.3	
2009	7	1	4.39287E+01	0.3	
2010	7	1	2.03256E+01	0.3	
2011	7	1	3.59141E+01	0.3	
2012	7	1	2.43331E+01	0.3	
2013	7	1	1.41581E+01	0.3	
2014	7	1	1.49545E+01	0.3	
2015	7	1	1.11334E+01	0.3	
2016	7	1	1.23530E+01	0.3	
2017	7	1	1.34989E+01	0.3	
1993	7	2	1.13331E-01	0.3	
1994	7	2	1.24854E-01	0.3	
1995	7	2	9.52094E-02	0.3	
1996	7	2	9.83132E-02	0.3	
1997	7	2	1.89942E-01	0.3	
1998	7	2	1.57947E-01	0.3	
1999	7	2	1.78740E-01	0.3	
2000	7	2	1.13289E-01	0.3	
2001	7	2	1.42638E-01	0.3	
2002	7	2	1.64756E-01	0.3	
2003	7	2	2.12666E-01	0.3	
2004	7	2	2.13955E-01	0.3	
2005	7	2	1.33927E+01	0.3	
2006	7	2	1.01688E+01	0.3	
2007	7	2	1.88394E+01	0.3	
2008	7	2	2.50550E+00	0.3	
2009	7	2	2.31048E+00	0.3	
2010	7	2	1.57023E+00	0.3	
2011	7	2	1.53915E+00	0.3	
2012	7	2	1.79913E+00	0.3	
2013	7	2	1.48549E+00	0.3	
2014	7	2	1.41520E+00	0.3	
2015	7	2	1.66721E+00	0.3	
2016	7	2	1.86036E+00	0.3	
2017	7	2	1.64118E+00	0.3	
1982	7	3	1.00000E+00	0.3	
1983	7	3	5.30000E+01	0.3	
1984	7	3	2.50000E+01	0.3	
1985	7	3	2.40000E+01	0.3	
1986	7	3	8.50000E+01	0.3	
1987	7	3	9.00000E+01	0.3	
1988	7	3	3.56000E+02	0.3	
1989	7	3	1.74000E+02	0.3	
1990	7	3	1.45000E+02	0.3	
1991	7	3	3.19000E+02	0.3	
1992	7	3	2.81000E+02	0.3	
1993	7	3	5.61000E+02	0.3	
1994	7	3	1.72000E+02	0.3	
1995	7	3	5.67000E+02	0.3	
1996	7	3	2.05000E+02	0.3	
1997	7	3	5.70000E+01	0.3	
1998	7	3	4.60000E+01	0.3	
1999	7	3	1.45000E+02	0.3	
2000	7	3	6.10000E+01	0.3	
2001	7	3	1.27000E+02	0.3	
2002	7	3	2.90000E+02	0.3	
2003	7	3	3.09000E+02	0.3	
2004	7	3	2.02000E+02	0.3	
2005	7	3	3.63000E+02	0.3	
2006	7	3	2.29000E+02	0.3	
2007	7	3	1.94000E+02	0.3	
2008	7	3	1.61000E+02	0.3	
2009	7	3	2.11000E+02	0.3	
2010	7	3	8.40000E+01	0.3	
2011	7	3	1.68000E+02	0.3	
2012	7	3	2.10000E+02	0.3	
2013	7	3	4.77000E+02	0.3	
2014	7	3	3.94000E+02	0.3	
2015	7	3	2.91000E+02	0.3	
2016	7	3	3.29000E+02	0.3	
2017	7	3	5.94000E+02	0.3	
1972	-7	4	3.77925E+03	0.1	
1973	7	-4	2.83400e+04	0.5	
1974	7	-4	6.81400e+03	0.5	
1975	7	-4	4.82800e+03	0.5	
1976	7	-4	3.50500e+03	0.5	
1977	7	-4	2.11000e+03	0.5	
1978	7	-4	1.00900e+04	0.5	
1979	7	-4	9.44500e+03	0.5	
1980	7	-4	1.44200e+03	0.5	
1981	7	-4	1.26300e+04	0.5	
1982	7	-4	4.25400e+03	0.5	
1983	7	-4	5.55500e+03	0.5	
1984	7	-4	1.27700e+04	0.5	
1985	7	-4	1.14300e+04	0.5	
1986	7	-4	2.17600e+04	0.5	
1987	7	-4	2.33900e+04	0.5	
1988	7	-4	8.48700e+03	0.5	
1989	7	-4	1.29200e+04	0.5	
1990	7	-4	1.71500e+04	0.5	
1991	7	-4	6.13000e+04	0.5	
1992	7	-4	4.19400e+03	0.5	
1993	7	-4	2.02300e+03	0.5	
1994	7	-4	2.43900e+03	0.5	
1995	7	-4	9.97400e+03	0.5	
1996	7	-4	1.19100e+04	0.5	
1997	7	-4	1.10700e+04	0.5	
1998	7	-4	3.62600e+04	0.5	
1999	7	-4	7.99600e+03	0.5	
2000	7	-4	8.94900e+03	0.5	
2001	7	-4	5.54500e+03	0.5	
2002	7	-4	5.39400e+03	0.5	
2003	7	-4	9.54900e+03	0.5	
2004	7	-4	2.56100e+03	0.5	
2005	7	-4	4.77800e+03	0.5	
2006	7	-4	4.18900e+03	0.5	
2007	7	-4	6.84400e+03	0.5	
2008	7	-4	1.03800e+03	0.5	
2009	7	-4	2.10600e+03	0.5	
2010	7	-4	1.11100e+03	0.5	
2011	7	-4	8.52300e+02	0.5	
2012	7	-4	4.43300e+02	0.5	
2013	7	-4	5.73500e+02	0.5	
2014	7	-4	2.90700e+02	0.5	
2015	7	-4	1.78600e+02	0.5	
2016	7	-4	1.54900e+02	0.5	
2017	-7	-4	2.12300e+02	0.5	
-9999	0	0	0.0000	0	#_terminator
#
#_meanbodywt 
0 #_use_meanbodywt 
#_DF_for_meanbodywt_T-distribution_like
#
#_population_length_bins 
1 # length bin method: 1=use databins; 2=generate from binwidth,min,max below; 3=read vector 
1 #_use_lencomp 
#
#_len_info 
#_mintailcomp addtocomp combine_M_F CompressBins CompError ParmSelect minsamplesize
1e-04   1e-07   0   0   0   0   1   #_CM_E
1e-04   1e-07   0   0   0   0   1   #_CM_W
1e-04   1e-07   0   0   0   0   1   #_REC
1e-04   1e-07   0   0   0   0   1   #_SMP_BYC
1e-04   1e-07   0   0   0   0   1   #_HB_E
1e-04   1e-07   0   0   0   0   1   #_HB_W
1e-04   1e-07   0   0   0   0   1   #_LARVAL
1e-04   1e-07   0   0   0   0   1   #_VIDEO
1e-04   1e-07   0   0   0   0   1   #_SEAMAP
12 #_N_lbins 
#_lbin_vector
1 5 10 15 20 25 30 35 40 45 50 55 #_lbin_vector
#
#_lencomp 
#_Yr    Seas  FltSvy  Gender Part Nsamp l1 l5 l10 l15 l20 l25 l30  l35   l40   l45   l50   l55
2009	7	9	0	2	35.7109	0.10802469	0.06481481	0.138889	0.407407	0.259259	0.0216049	0	0	0	0	0	0
2010	7	9	0	2	100	0.02592593	0.02592593	0.203704	0.403704	0.318519	0.0222222	0.00	0	0	0	0	0
2011	7	9	0	2	17.0472	0	0	0.169271	0.356771	0.369792	0.1015625	0.00260417	0	0	0	0	0
2012	7	9	0	2	11.08360	0.0212766	0.17234043	0.259574	0.217021	0.225532	0.1	0.00425532	0	0	0	0	0
2013 7  9 0  2 37.52000 0.01655629  0.01324503  0.311258 0.417219 0.195364  0.0430464 0.00000000  0.00331126  0.000 0.000  0.000 0  #_5
2014 7  9 0  2 69.50690 0.00615385  0.03384615  0.172308 0.406154 0.360000  0.0215385 0.00000000  0.00000000  0.000 0.000  0.000 0  #_6
2015 7  9 0 2 37.91520 0.05056180 0.00280899  0.221910 0.491573 0.207865  0.0252809 0.00000000  0.00000000  0.000 0.000 0.000 0 #_7
2016 7  9 0 2 38.58700 0.00000000 0.00522193  0.281984 0.503916 0.201044  0.0078329 0.00000000  0.00000000  0.000 0.000 0.000 0 #_8
2017 7  9 0 2 100.00000 0.00000000  0.00328947  0.217105 0.411184 0.332237  0.0361842 0.00000000  0.00000000  0.000 0.000 0.000 0 #_9
2002 7  8 0 0 17.20420 0.00000000 0.00000000  0.012000 0.355000 0.346000  0.2250000 0.05600000  0.00600000  0.002
0.000 0.000 0 #_10
2004 7  8 0  0 6.56797 0.00000000 0.00000000 0.000000 0.053000 0.419000 0.4210000 0.09000000 0.01100000 0.003  0.001 0.003  0 #_11
2005 7  8 0  0 38.21350 0.00000000  0.00000000  0.020000 0.180000 0.319000  0.3190000 0.08700000  0.03000000  0.030 0.012  0.004 0  #_12
2006 7  8 0  0 18.35090 0.00000000  0.00000000  0.038000 0.289000 0.412000  0.2160000 0.04300000  0.00300000  0.000 0.000  0.000 0  #_13
2007 7  8 0  0 11.24900 0.00000000  0.00000000  0.039000 0.113000 0.327000  0.4540000 0.03800000  0.00200000  0.025 0.002  0.000 0  #_14
2008 7  8 0  0 8.22767 0.00000000 0.00000000 0.000000 0.036000 0.321000 0.3390000 0.27400000 0.01700000 0.000  0.014 0.000  0 #_15
2009 7  8 0  0 25.54670 0.00000000  0.00000000  0.000000 0.120000 0.373000  0.3270000 0.13900000  0.01300000  0.000 0.002  0.026 0  #_16
2010 7  8 0  0 32.10910 0.00000000  0.00000000  0.090000 0.154000 0.170000  0.2240000 0.18700000  0.11600000  0.060 0.000  0.000 0  #_17
2011 7  8 0  0 47.70040 0.00000000  0.04700000  0.115000 0.097000 0.229000  0.2910000 0.12700000  0.03700000  0.036 0.006  0.015 0  #_18
2012 7  8 0  0 39.99490 0.00000000  0.14700000  0.098000 0.218000 0.342000  0.1380000 0.03800000  0.00700000  0.013 0.000  0.000 0  #_19
2013 7  8 0  0 100.00000 0.00000000 0.00000000 0.129000 0.231000 0.351000 0.1970000 0.05600000 0.02800000 0.008  0.000 0.000  0 #_20
2014 7  8 0  0 100.00000 0.00000000 0.00000000 0.109000 0.205000 0.330000 0.1960000 0.06600000 0.03200000 0.049  0.005 0.008  0 #_21
2015 7  8 0  0 74.90480 0.00000000  0.11300000  0.138000 0.231000 0.292000  0.1220000 0.04900000  0.02000000  0.031 0.002  0.002 0  #_22
2016 7  8 0  0 32.50870 0.00000000  0.13000000  0.173000 0.142000 0.282000  0.1670000 0.07500000  0.01800000  0.011 0.002  0.002 0  #_23
2017 7  8 0  0 100.00000 0.00000000 0.00000000 0.064000 0.157000 0.307000 0.2330000 0.15000000 0.05800000  0.022 0.010  0.000 0  #_24 
-9999 0 0 0 0 0.00000 0.00000000 0.00000000 0.000000 0.000000 0.000000 0.0000000 0.00000000 0.00000000  0.000 0.000  0.000 0  #_terminator
14 #_N_agebins 
#
#_agebin_vector 
1 2 3 4 5 6 7 8 9 10 11 12 13 14 #_agebin_vector 
#
#_ageing_error 
1 #_N_ageerror_definitions 
#_age0  age1 age2 age3 age4 age5 age6 age7 age8 age9 age10 age11 age12 age13 age14
0.500 1.500 2.500 3.500 4.500 5.500 6.500 7.500 8.500 9.500 10.500 11.500 12.500 13.500 14.500 #_1
0.001 0.001 0.001 0.001 0.001 0.001 0.001 0.001 0.001 0.001 0.001 0.001 0.001 0.001 0.001 #_2
#
#_age_info
#_mintailcomp addtocomp combine_M_F CompressBins CompErrorParmSelect minsamplesize
1e-04 1e-07  0 0  0 0  1 #_CM_E
1e-04 1e-07  0 0  0 0  1 #_CM_W
1e-04 1e-07  0 0  0 0  1 #_REC
1e-04 1e-07  0 0  0 0  1 #_SMP_BYC
1e-04 1e-07  0 0  0 0  1 #_HB_E
1e-04 1e-07  0 0  0 0  1 #_HB_W
1e-04 1e-07  0 0  0 0  1 #_LARVAL
1e-04 1e-07  0 0  0 0  1 #_VIDEO
1e-04 1e-07  0 0  0 0  1  #_SEAMAP
2 #_Lbin_method: 1=poplenbins; 2=datalenbins; 3=lengths 
#_combine males into females at or below this bin number
#_Yr  Seas  FltSvy  Gender Part Ageerr Lbin_lo Lbin_hi Nsamp  a1 a2 a3 a4 a5 a6 a7 a8 a9 a10  a11 a12 a13 a14 
1995 7 1 0 2 1 -1 -1 3.63217 0.000000000 0.00000000 0.0000000 0.0000000 0.3943868 0.3943868 0.03617984 0.00000000 0.13886672 0.00000000 0.00000000 0.036179835 0.000000000 0.000000000 #_1         
1998 7 1 0 2 1 -1 -1 6.09301 0.147308643 0.35066416 0.3748876 0.0405359 0.0494876 0.0153515 0.00000000 0.00000000 0.00000000 0.00199403 0.00568170 0.014088857 0.000000000 0.000000000 #_2         
2000 7 1 0 2 1 -1 -1 8.15637 0.000000000 0.02759924 0.1590981 0.1344867 0.0912199 0.0288749 0.04147196 0.08016444 0.03497309 0.03950048 0.31211846 0.025493171 0.022587162 0.002412420 #_3            
2001 7 1 0 2 1 -1 -1 23.08780 0.000000000 0.06305906 0.2183648 0.2069760 0.1910284 0.1135757 0.06914352 0.04869192 0.02406210 0.02878172 0.01005929 0.011604501 0.011271908 0.003381127 #_4         
2002 7 1 0 2 1 -1 -1 100.00000 0.006072072 0.20085090 0.3822188 0.1250052 0.0891084 0.0684222 0.04665272 0.03707046 0.01490483 0.00716440 0.01321485 0.004345556 0.001551394 0.003418214 #_5         
2003 7 1 0 2 1 -1 -1 23.02320 0.000506687 0.04432424 0.2217771 0.3700341 0.1359717 0.0621314 0.08103227 0.03881434 0.02386336 0.00676217 0.00560218 0.005134444 0.002471615 0.001574404 #_6         
2004 7 1 0 2 1 -1 -1 33.49580 0.000000000 0.03627299 0.2283476 0.2559064 0.2037520 0.0829987 0.08126212 0.05074055 0.03128768 0.01176947 0.00765161 0.006055743 0.002840928 0.001114263 #_7         
2005 7 1 0 2 1 -1 -1 100.00000 0.000000000 0.06645861 0.2517338 0.2165096 0.2089614 0.0998956 0.03709530 0.04621111 0.02922199 0.01744127 0.01276509 0.012289445 0.000000000 0.001416788 #_8         
2006 7 1 0 2 1 -1 -1 59.50300 0.000000000 0.09859294 0.2857277 0.2113266 0.1956222 0.1028343 0.04937434 0.01716271 0.01643707 0.01413744 0.00403031 0.003394538 0.000000000 0.001359889 #_9         
2007 7 1 0 2 1 -1 -1 54.58310 0.009993806 0.12058039 0.2480810 0.2102620 0.1576323 0.0962265 0.05473196 0.04059793 0.02233950 0.01265415 0.00262769 0.009934679 0.006127695 0.008210497 #_10        
2008 7 1 0 2 1 -1 -1 100.00000 0.000000000 0.08235332 0.2747276 0.1688949 0.1371830 0.1244805 0.08373873 0.04374425 0.03798763 0.01719518 0.01756760 0.007564847 0.001033724 0.003528750 #_11    
2009 7 1 0 2 1 -1 -1 100.00000 0.000000000 0.08586034 0.3519978 0.2213406 0.1011078 0.0654533 0.05725220 0.05423668 0.02612711 0.01700470 0.01042925 0.002509138 0.001275617 0.005405413 #_12        
2010 7 1 0 2 1 -1 -1 32.12780 0.000826167 0.02776265 0.2596585 0.3701400 0.0509793 0.0621234 0.05453874 0.07576431 0.04881835 0.02655395 0.01453320 0.006149662 0.000656844 0.001494884 #_13        
2011 7 1 0 2 1 -1 -1 87.05650 0.010905664 0.03967093 0.1183330 0.2235493 0.2308662 0.1412620 0.07020563 0.06516519 0.03908628 0.02654723 0.01378213 0.008393644 0.006945464 0.005287330 #_14        
2012 7 1 0 2 1 -1 -1 99.85900 0.002049909 0.12244585 0.1624207 0.1213789 0.1563963 0.1757948 0.13346637 0.03856953 0.03263893 0.01669230 0.01719535 0.006637710 0.006019972 0.008293410 #_15        
2013 7 1 0 2 1 -1 -1 55.53890 0.003493089 0.10665461 0.3471245 0.1313506 0.0810875 0.0902725 0.12152322 0.06352320 0.02132163 0.01076613 0.00737979 0.005474433 0.006102211 0.003926494 #_16        
2014 7 1 0 2 1 -1 -1 79.34320 0.000000000 0.07228787 0.2579510 0.1566679 0.0822727 0.0697315 0.06507658 0.09478151 0.07787374 0.03617641 0.04418802 0.009854434 0.013708773 0.019429495 #_17        
2015 7 1 0 2 1 -1 -1 100.00000 0.003506958 0.09495417 0.2489334 0.2597400 0.1027076 0.0535724 0.06626621 0.05399693 0.06922837 0.02259243 0.00600518 0.013780603 0.000000000 0.004715785 #_18        
2016 7 1 0 2 1 -1 -1 100.00000 0.001621376 0.12427936 0.2940913 0.2663640 0.1396405 0.0418199 0.02386994 0.02514294 0.03396592 0.02974260 0.01510836 0.000000000 0.001079760 0.003274014 #_19        
2017 7 1 0 2 1 -1 -1 100.00000 0.005969491 0.18410069 0.3062789 0.1696376 0.1314530 0.0934546 0.02803165 0.01877758 0.01289322 0.02310816 0.01709591 0.001760357 0.004007158 0.003431671 #_20        
1994 7 2 0 2 1 -1 -1 8.14388 0.000000000 0.00000000 0.0549348 0.1389875 0.4600735 0.0793384 0.06008279 0.04679029 0.00000000 0.05112450 0.04365920 0.037474459 0.016423589 0.011111111 #_21        
1995 7 2 0 2 1 -1 -1 7.31632 0.000000000 0.22861842 0.1400082 0.2905810 0.2519261 0.0540960 0.02080448 0.00000000 0.00683864 0.00712719 0.00000000 0.000000000 0.000000000 0.000000000 #_22        
2000 7 2 0 2 1 -1 -1 64.38930 0.000000000 0.00000000 0.1164311 0.1638813 0.2049552 0.1002812 0.04561863 0.05466256 0.05426357 0.08578811 0.09991450 0.000000000 0.018087855 0.056116052 #_23        
2001 7 2 0 2 1 -1 -1 48.53930 0.000000000 0.01815887 0.1150525 0.1650519 0.1250909 0.1200332 0.05447660 0.10761394 0.00885609 0.09615945 0.02931902 0.000000000 0.023523985 0.136663563 #_24        
2002 7 2 0 2 1 -1 -1 34.72170 0.000000000 0.07623265 0.3130089 0.1053708 0.0739565 0.0989993 0.09769087 0.03963488 0.04156982 0.02536874 0.03044652 0.036166103 0.015233336 0.046321661 #_25        
2003 7 2 0 2 1 -1 -1 30.76170 0.003351159 0.01801783 0.1139066 0.2061229 0.2797601 0.1080414 0.07201243 0.04098627 0.05667962 0.03487149 0.00954053 0.021188293 0.013838902 0.021682467 #_26        
2004 7 2 0 2 1 -1 -1 100.00000 0.003351159 0.01801783 0.1139066 0.2061229 0.2797601 0.1080414 0.07201243 0.04098627 0.05667962 0.03487149 0.00954053 0.021188293 0.013838902 0.021682467 #_27        
2005 7 2 0 2 1 -1 -1 21.89890 0.004709523 0.10622190 0.1437091 0.0997633 0.3340020 0.1363538 0.03841131 0.03269809 0.03380234 0.02454575 0.02020187 0.007317253 0.004522999 0.013740677 #_28        
2006 7 2 0 2 1 -1 -1 16.33160 0.000000000 0.04759037 0.2637634 0.2064132 0.0911024 0.2068105 0.08787745 0.01538206 0.01742186 0.01532793 0.01957298 0.010199837 0.003580069 0.014958005 #_29        
2007 7 2 0 2 1 -1 -1 100.00000 0.000000000 0.01732201 0.1058058 0.2275505 0.1941939 0.1257466 0.13187502 0.09156016 0.04421154 0.02059380 0.01599486 0.008981178 0.005457464 0.010707194 #_30        
2008 7 2 0 2 1 -1 -1 100.00000 0.000000000 0.02093168 0.0729436 0.1333585 0.2124050 0.1866351 0.13189394 0.07561589 0.07274677 0.03479451 0.02012051 0.009661959 0.011999712 0.016892835 #_31        
2009 7 2 0 2 1 -1 -1 100.00000 0.000000000 0.01683925 0.1606929 0.2355860 0.1588622 0.1358571 0.07922993 0.05739664 0.04396073 0.04432408 0.02404712 0.008487249 0.009015501 0.025701426 #_32        
2010 7 2 0 2 1 -1 -1 59.97730 0.003231448 0.01011708 0.0981075 0.3611226 0.1766021 0.1136797 0.09001357 0.04956792 0.02017877 0.02023953 0.02264541 0.009691575 0.003888152 0.020914706 #_33        
2011 7 2 0 2 1 -1 -1 100.00000 0.029946989 0.04282045 0.0994003 0.1489033 0.1979366 0.1316199 0.10445915 0.07693393 0.03037660 0.04136672 0.03408993 0.022443180 0.007868450 0.031834475  #_34        
2012 7 2 0 2 1 -1 -1 89.48650 0.002871052 0.00686726 0.0458322 0.1369926 0.1234721 0.1938824 0.12268320 0.07371141 0.07702008 0.05648191 0.04092151 0.028113469 0.036869657 0.054281158 #_35    
2013 7 2 0 2 1 -1 -1 48.41730 0.000000000 0.02045838 0.0762090 0.0879332 0.1688454 0.0583187 0.17062106 0.09924450 0.05944416 0.06490583 0.04521618 0.048622374 0.027585292 0.072596014 #_36        
2014 7 2 0 2 1 -1 -1 47.09420 0.002794787 0.04604418 0.0986899 0.1132997 0.0859126 0.1161872 0.08863979 0.08407640 0.08556917 0.06572834 0.05531636 0.043679533 0.027265553 0.086796570 #_37        
2015 7 2 0 2 1 -1 -1 23.12460 0.008727483 0.05120011 0.2895159 0.2919142 0.0635003 0.0832146 0.03782972 0.02748538 0.04340205 0.02582880 0.01896033 0.019577182 0.019187405 0.019656500 #_38        
2016 7 2 0 2 1 -1 -1 82.64120 0.005217750 0.04617934 0.1376878 0.3008347 0.2275922 0.0534811 0.03650004 0.02406694 0.02170780 0.03174443 0.03032006 0.021918766 0.025328662 0.037420483 #_39        
2017 7 2 0 2 1 -1 -1 89.03280 0.008406399 0.08354915 0.1225874 0.1918553 0.2949606 0.1439864 0.01874417 0.02047397 0.01834179 0.01600594 0.02197685 0.016677245 0.010446289 0.031988482 #_40        
1994 7 3 0 2 1 -1 -1 13.34740 0.000000000 0.00000000 0.1848385 0.2549163 0.2129922 0.1624145 0.09250177 0.06925254 0.02308418 0.00000000 0.00000000 0.000000000 0.000000000 0.000000000 #_41        
1995 7 3 0 2 1 -1 -1 6.78476 0.000000000 0.00000000 0.6039062 0.0000000 0.2408854 0.0347656 0.12044271 0.00000000 0.00000000 0.00000000 0.00000000 0.000000000 0.000000000 0.000000000 #_42        
1996 7 3 0 2 1 -1 -1 77.88470 0.004341907 0.07311121 0.1920265 0.1859978 0.2011672 0.1688284 0.06132886 0.05010359 0.02057450 0.03555358 0.00407531 0.000991832 0.001899391 0.000000000 #_43        
1997 7 3 0 2 1 -1 -1 15.07320 0.000000000 0.25561655 0.0647999 0.2008381 0.1074422 0.2042327 0.09523779 0.01351351 0.05831926 0.00000000 0.00000000 0.000000000 0.000000000 0.000000000 #_44        
1998 7 3 0 2 1 -1 -1 13.40160 0.000000000 0.02850062 0.3710834 0.3226235 0.1238715 0.0285006 0.07696052 0.04845990 0.00000000 0.00000000 0.00000000 0.000000000 0.000000000 0.000000000 #_45        
1999 7 3 0 2 1 -1 -1 25.60130 0.043262381 0.20778623 0.2982172 0.1680880 0.0878798 0.0487921 0.03918017 0.07268493 0.01910669 0.00917321 0.00194313 0.001943133 0.001943133 0.000000000 #_46        
2000 7 3 0 2 1 -1 -1 61.77870 0.000000000 0.03164626 0.1949859 0.2307705 0.2215960 0.1180383 0.05871068 0.06895858 0.03690470 0.02955700 0.00344446 0.001967029 0.000000000 0.003420618 #_47        
2001 7 3 0 2 1 -1 -1 7.04041 0.000000000 0.04170246 0.0460383 0.1511819 0.3697269 0.1190449 0.12602107 0.04875346 0.01322556 0.05020749 0.01701005 0.012999338 0.004088501 0.000000000 #_48        
2002 7 3 0 2 1 -1 -1 15.25720 0.000000000 0.08023829 0.2344416 0.1011166 0.1740183 0.1224092 0.15058785 0.08124035 0.02629339 0.00824163 0.00556225 0.008633754 0.007216838 0.000000000 #_49        
2003 7 3 0 2 1 -1 -1 19.91550 0.000000000 0.15194980 0.1436198 0.3514034 0.0891948 0.1055952 0.10007142 0.02900980 0.02387645 0.00527937 0.00000000 0.000000000 0.000000000 0.000000000 #_50        
2004 7 3 0 2 1 -1 -1 4.26588 0.000000000 0.00000000 0.0607816 0.2982631 0.4382811 0.0693127 0.08680275 0.01176538 0.01241222 0.02070227 0.00167882 0.000000000 0.000000000 0.000000000 #_51        
2005 7 3 0 2 1 -1 -1 54.31110 0.000000000 0.13831663 0.2847539 0.2276813 0.1967238 0.0807355 0.02321931 0.02150306 0.00195200 0.00673079 0.01838369 0.000000000 0.000000000 0.000000000 #_52        
2006 7 3 0 2 1 -1 -1 93.46070 0.000000000 0.08585090 0.1729546 0.2670766 0.2203566 0.1082755 0.10054561 0.01348117 0.02247010 0.00898893 0.00000000 0.000000000 0.000000000 0.000000000 #_53        
2007 7 3 0 2 1 -1 -1 100.00000 0.000000000 0.04805185 0.2010844 0.3212905 0.1914931 0.1077549 0.04849048 0.03428468 0.02823710 0.01049038 0.00386277 0.002135097 0.000548564 0.002276235 #_54        
2008 7 3 0 2 1 -1 -1 42.57610 0.003004254 0.08354356 0.1887186 0.1675858 0.1671313 0.1657303 0.11950150 0.05056845 0.03387669 0.00830090 0.00596924 0.002190934 0.000441371 0.003437033 #_55        
2009 7 3 0 2 1 -1 -1 100.00000 0.001677916 0.11501152 0.3769191 0.1942343 0.1312025 0.0816337 0.04988601 0.02424797 0.01648564 0.00488037 0.00224683 0.001407874 0.000166339 0.000000000 #_56        
2010 7 3 0 2 1 -1 -1 20.51610 0.006015366 0.05291132 0.3966065 0.3595548 0.0709539 0.0536746 0.03240484 0.01555611 0.00695637 0.00243683 0.00133330 0.000000000 0.000000000 0.001596145 #_57        
2011 7 3 0 2 1 -1 -1 78.75770 0.004574421 0.05356050 0.1732320 0.2287708 0.2544933 0.1953689 0.04749785 0.02861073 0.00490752 0.00487777 0.00258259 0.001523615 0.000000000 0.000000000 #_58        
2012 7 3 0 2 1 -1 -1 100.00000 0.001742165 0.12707357 0.2377034 0.2510466 0.1177446 0.1490641 0.06457854 0.01839740 0.01868963 0.00812018 0.00226338 0.001648764 0.001348830 0.000578870 #_59        
2013 7 3 0 2 1 -1 -1 100.00000 0.004933819 0.10541994 0.3405166 0.2203355 0.1567798 0.0663547 0.06395728 0.02013570 0.00986498 0.00711231 0.00273648 0.000545259 0.001307604 0.000000000 #_60        
2014 7 3 0 2 1 -1 -1 100.00000 0.001583921 0.09255744 0.3759133 0.2465258 0.0821614 0.0832332 0.03339768 0.04389032 0.02447325 0.00527518 0.00576190 0.002069669 0.000900335 0.002256566 #_61        
2015 7 3 0 2 1 -1 -1 46.13140 0.009519689 0.18114400 0.3959271 0.2833950 0.0594957 0.0192608 0.00963969 0.01787045 0.01538981 0.00342422 0.00211739 0.001792841 0.000699004 0.000324215 #_62        
2016 7 3 0 2 1 -1 -1 100.00000 0.004487488 0.12155069 0.2938197 0.3099934 0.1933976 0.0366084 0.01307521 0.00495713 0.00928276 0.00646313 0.00261390 0.001749928 0.001018079 0.000982482 #_63        
2017 7 3 0 2 1 -1 -1 100.00000 0.002557483 0.19085241 0.3103782 0.2109171 0.1440486 0.0933445 0.01456420 0.00972891 0.00504080 0.00896450 0.00300496 0.003201788 0.002182856 0.001213659 #_64        
-9999 0 0 0 0 0 0 0 0.00000 0.000000000 0.00000000 0.0000000 0.0000000 0.0000000 0.0000000 0.00000000 0.00000000 0.00000000 0.00000000 0.00000000 0.000000000 0.000000000 0.000000000 #_terminator
#
#_MeanSize_at_Age_obs 
0 #_use_MeanSize_at_Age_obs 
0 #_N_environ_variables 
0 #_N_sizefreq_methods 
0 #_do_tags 
0 #_morphcomp_data 
0 #_use_selectivity_priors 
#
999


    

